00110000
11110100
00000000
00000010
00000000
00000000
00000000
00000000
00000000
00000000
00110000
11111100
00001000
00000010
00000000
00000000
00000000
00000000
00000000
00000000
00110000
11110000
00010000
00000000
00000000
00000000
00000000
00000000
00000000
00000000
01000000
00001100
00000000
00000000
00000000
00000000
00000000
00000000
00000000
00000000
00110000
11110000
00000010
00000000
00000000
00000000
00000000
00000000
00000000
00000000
01000000
00001100
00000001
00000000
00000000
00000000
00000000
00000000
00000000
00000000
00110000
11110000
00000111
00000000
00000000
00000000
00000000
00000000
00000000
00000000
01000000
00001100
00000010
00000000
00000000
00000000
00000000
00000000
00000000
00000000
00110000
11110000
00000011
00000000
00000000
00000000
00000000
00000000
00000000
00000000
01000000
00001100
00000011
00000000
00000000
00000000
00000000
00000000
00000000
00000000
00110000
11110000
00001011
00000000
00000000
00000000
00000000
00000000
00000000
00000000
01000000
00001100
00000100
00000000
00000000
00000000
00000000
00000000
00000000
00000000
00110000
11110000
00000100
00000000
00000000
00000000
00000000
00000000
00000000
00000000
01000000
00001100
00000101
00000000
00000000
00000000
00000000
00000000
00000000
00000000
00110000
11110000
00010010
00000000
00000000
00000000
00000000
00000000
00000000
00000000
01000000
00001100
00000110
00000000
00000000
00000000
00000000
00000000
00000000
00000000
00110000
11110000
00001110
00000000
00000000
00000000
00000000
00000000
00000000
00000000
01000000
00001100
00000111
00000000
00000000
00000000
00000000
00000000
00000000
00000000
00110000
11110000
00001000
00000000
00000000
00000000
00000000
00000000
00000000
00000000
01000000
00001100
00001000
00000000
00000000
00000000
00000000
00000000
00000000
00000000
00100000
11000111
00110000
11110110
01011000
00000010
00000000
00000000
00000000
00000000
00000000
00000000
00110000
11110010
00000000
00000000
00000000
00000000
00000000
00000000
00000000
00000000
00110000
11110001
00001000
00000000
00000000
00000000
00000000
00000000
00000000
00000000
10000000
11110010
00000000
00000000
00000000
00000000
00000000
00000000
00000000
00000000
10100000
10001111
00100000
00011000
01100001
00101000
01110110
00000100
00000001
00000000
00000000
00000000
00000000
00000000
00000000
10110000
10001111
10010000
10000000
01010001
00000001
00000000
00000000
00000000
00000000
00000000
00000000
01100000
00100000
10100000
00101111
10100000
00011111
10100000
00001111
00100000
00000001
10000000
11110010
00000000
00000000
00000000
00000000
00000000
00000000
00000000
10110000
00001111
10110000
00011111
00110000
11111010
00000001
00000000
00000000
00000000
00000000
00000000
00000000
00000000
00100000
00000010
01100000
10100010
10100000
00011111
10100000
00001111
10000000
11110010
00000000
00000000
00000000
00000000
00000000
00000000
00000000
10110000
00001111
10110000
00011111
10110000
00101111
10000000
10001010
00000001
00000000
00000000
00000000
00000000
00000000
00000000
10110000
10001111
10010000
00110000
11110000
00000000
00000000
00000000
00000000
00000000
00000000
00000000
00000000
00110000
11111010
00000001
00000000
00000000
00000000
00000000
00000000
00000000
00000000
10100000
11001111
00110000
11111100
00000010
00000000
00000000
00000000
00000000
00000000
00000000
00000000
01100001
11001000
01110010
10000111
00000001
00000000
00000000
00000000
00000000
00000000
00000000
01100000
10100000
01110000
01110001
00000001
00000000
00000000
00000000
00000000
00000000
00000000
10110000
11001111
10010000
00110000
11111010
00000001
00000000
00000000
00000000
00000000
00000000
00000000
00000000
00110000
11111000
00001000
00000000
00000000
00000000
00000000
00000000
00000000
00000000
00100000
00101011
00100000
00001100
01100000
10101100
00100000
00101101
00100000
10111110
01100001
00001110
01110110
00111010
00000010
00000000
00000000
00000000
00000000
00000000
00000000
00100000
11001110
01100001
00011110
01110110
00111010
00000010
00000000
00000000
00000000
00000000
00000000
00000000
10100000
01111111
10100000
01101111
00100000
10110110
10000000
00110111
00000011
00000000
00000000
00000000
00000000
00000000
00000000
01010000
11100111
00000000
00000000
00000000
00000000
00000000
00000000
00000000
00000000
01010000
01110100
00000001
00000000
00000000
00000000
00000000
00000000
00000000
00000000
00100000
11000110
10000000
00110111
00000011
00000000
00000000
00000000
00000000
00000000
00000000
01010000
10010111
00000000
00000000
00000000
00000000
00000000
00000000
00000000
00000000
00100000
11100011
00100000
10110110
00100000
11000111
01100000
10100110
01100000
10100111
01100001
10010011
00100001
11100011
00100001
01101011
00100110
10010011
00100110
01111100
01010000
01110100
00000000
00000000
00000000
00000000
00000000
00000000
00000000
00000000
00100000
11010110
10000000
00110111
00000011
00000000
00000000
00000000
00000000
00000000
00000000
01000000
00110111
00000000
00000000
00000000
00000000
00000000
00000000
00000000
00000000
01100000
10101101
10110000
01101111
10110000
01111111
01110000
10100110
00000001
00000000
00000000
00000000
00000000
00000000
00000000
00100000
10110011
01100001
00000011
01110110
10010000
00000010
00000000
00000000
00000000
00000000
00000000
00000000
10100000
01111111
10100000
01101111
00100000
10110110
10000000
00110111
00000011
00000000
00000000
00000000
00000000
00000000
00000000
01010000
00110111
00000000
00000000
00000000
00000000
00000000
00000000
00000000
00000000
01010000
01110100
00000000
00000000
00000000
00000000
00000000
00000000
00000000
00000000
00100000
11010110
10000000
00110111
00000011
00000000
00000000
00000000
00000000
00000000
00000000
01000000
00110111
00000000
00000000
00000000
00000000
00000000
00000000
00000000
00000000
10110000
01101111
10110000
01111111
01100000
10101011
01100000
10101101
01110000
00111010
00000010
00000000
00000000
00000000
00000000
00000000
00000000
00100000
11000011
01100001
00010011
01110110
11100110
00000010
00000000
00000000
00000000
00000000
00000000
00000000
10100000
01111111
10100000
01101111
00100000
11000110
10000000
00110111
00000011
00000000
00000000
00000000
00000000
00000000
00000000
01010000
00110111
00000000
00000000
00000000
00000000
00000000
00000000
00000000
00000000
01010000
01110100
00000000
00000000
00000000
00000000
00000000
00000000
00000000
00000000
00100000
11010110
10000000
00110111
00000011
00000000
00000000
00000000
00000000
00000000
00000000
01000000
00110111
00000000
00000000
00000000
00000000
00000000
00000000
00000000
00000000
10110000
01101111
10110000
01111111
01100000
10101100
01100000
10101101
01110000
00111010
00000010
00000000
00000000
00000000
00000000
00000000
00000000
00100000
00101011
00100000
01111100
00100000
01101101
00100000
10110011
01100001
00010011
01110110
00110010
00000011
00000000
00000000
00000000
00000000
00000000
00000000
00100000
11010111
00100000
10110110
10000000
00110111
00000011
00000000
00000000
00000000
00000000
00000000
00000000
01010000
00110111
00000000
00000000
00000000
00000000
00000000
00000000
00000000
00000000
00100000
11000111
00100000
10110110
10000000
00110111
00000011
00000000
00000000
00000000
00000000
00000000
00000000
01000000
00110111
00000000
00000000
00000000
00000000
00000000
00000000
00000000
00000000
01100000
10101011
01110000
11101100
00000010
00000000
00000000
00000000
00000000
00000000
00000000
00100000
11000111
00100000
11010110
10010000
00110000
11111010
00000001
00000000
00000000
00000000
00000000
00000000
00000000
00000000
00110000
11111000
00000001
00000000
00000000
00000000
00000000
00000000
00000000
00000000
00110000
11110101
00000000
00000000
00000000
00000000
00000000
00000000
00000000
00000000
01100001
01010110
01110001
01101101
00000011
00000000
00000000
00000000
00000000
00000000
00000000
01100000
10000111
01100001
10100110
01110000
01010101
00000011
00000000
00000000
00000000
00000000
00000000
00000000
10010000
